h1 = [0.0002, 0.0001, -0.0001, -0.0005, -0.0011, -0.0017, -0.0019, 
    -0.0016, -0.0005, 0.0015, 0.0040, 0.0064, 0.0079, 0.0075, 0.0046, 
    -0.0009, -0.0084, -0.0164, -0.0227, -0.0248, -0.0203, -0.0079, 
    0.0127, 0.0400, 0.0712, 0.1021, 0.1284, 0.1461, 0.1523, 0.1461, 
    0.1284, 0.1021, 0.0712, 0.0400, 0.0127, -0.0079, -0.0203, -0.0248, 
    -0.0227, -0.0164, -0.0084, -0.0009, 0.0046, 0.0075, 0.0079, 0.0064, 
    0.0040, 0.0015, -0.0005, -0.0016, -0.0019, -0.0017, -0.0011, 
    -0.0005, -0.0001, 0.0001, 0.0002]

h2 = [-0.0002, -0.0001, 0.0003, 0.0005, -0.0001, -0.0009, -0.0007, 
    0.0007, 0.0018, 0.0005, -0.0021, -0.0027, 0.0004, 0.0042, 0.0031, 
    -0.0028, -0.0067, -0.0023, 0.0069, 0.0091, -0.0010, -0.0127, 
    -0.0100, 0.0077, 0.0198, 0.0075, -0.0193, -0.0272, 0.0014, 0.0386, 
    0.0338, -0.0246, -0.0771, -0.0384, 0.1128, 0.2929, 0.3734, 0.2929, 
    0.1128, -0.0384, -0.0771, -0.0246, 0.0338, 0.0386, 0.0014, -0.0272, 
    -0.0193, 0.0075, 0.0198, 0.0077, -0.0100, -0.0127, -0.0010, 0.0091, 
    0.0069, -0.0023, -0.0067, -0.0028, 0.0031, 0.0042, 0.0004, -0.0027, 
    -0.0021, 0.0005, 0.0018, 0.0007, -0.0007, -0.0009, -0.0001, 0.0005, 
    0.0003, -0.0001, -0.0002]